[Infinite / Max Money]
58000000 03AB66F0
58001000 00000020
58001000 000000D0
58001000 00000018
58001000 000000C8
58001000 00000040
58001000 000000F8
58001000 00000000
58001000 000000B0
58001000 00000000
58001000 00000018
58001000 00000000
78000000 00000010
64000000 00000000 000F423F

[Infinite / Max Health]
58000000 03AB66F0
58001000 00000020
58001000 000000D0
58001000 00000018
58001000 00000080
58001000 00000040
58001000 000000F8
58001000 00000000
58001000 000000D8
58001000 00000040
78000000 000000AA
64000000 00000000 006F006F